# Specim white reference reflectance measured with a spectrophotometer.
# Wavelength [nm]        Reflectance
2.500000000000000000e+02 9.493968999999999880e-01
2.550000000000000000e+02 9.481537700000000068e-01
2.600000000000000000e+02 9.510909899999999695e-01
2.650000000000000000e+02 9.576807200000000408e-01
2.700000000000000000e+02 9.653956700000000390e-01
2.750000000000000000e+02 9.715004899999999388e-01
2.800000000000000000e+02 9.721661899999999301e-01
2.850000000000000000e+02 9.684957900000000786e-01
2.900000000000000000e+02 9.653494400000000031e-01
2.950000000000000000e+02 9.642471899999999208e-01
3.000000000000000000e+02 9.698870899999999518e-01
3.050000000000000000e+02 9.724646699999999200e-01
3.100000000000000000e+02 9.724247800000000996e-01
3.150000000000000000e+02 9.699835299999999272e-01
3.200000000000000000e+02 9.776744700000000732e-01
3.250000000000000000e+02 9.727379399999999121e-01
3.300000000000000000e+02 9.758014900000000491e-01
3.350000000000000000e+02 9.766281900000000071e-01
3.400000000000000000e+02 9.721210799999999708e-01
3.450000000000000000e+02 9.723783400000001187e-01
3.500000000000000000e+02 9.724733899999999931e-01
3.550000000000000000e+02 9.729894299999999330e-01
3.600000000000000000e+02 9.778572699999998896e-01
3.650000000000000000e+02 9.793762499999999482e-01
3.700000000000000000e+02 9.727793599999999818e-01
3.750000000000000000e+02 9.773939999999999850e-01
3.800000000000000000e+02 9.794603100000000007e-01
3.850000000000000000e+02 9.787009399999999637e-01
3.900000000000000000e+02 9.801016699999999249e-01
3.950000000000000000e+02 9.798718399999999384e-01
4.000000000000000000e+02 9.828182899999999833e-01
4.050000000000000000e+02 9.782143499999998992e-01
4.100000000000000000e+02 9.788832399999999323e-01
4.150000000000000000e+02 9.802207499999999740e-01
4.200000000000000000e+02 9.792865099999999989e-01
4.250000000000000000e+02 9.823106900000000419e-01
4.300000000000000000e+02 9.808603300000000580e-01
4.350000000000000000e+02 9.807236700000000473e-01
4.400000000000000000e+02 9.831030900000000683e-01
4.450000000000000000e+02 9.830770599999999471e-01
4.500000000000000000e+02 9.822160599999999464e-01
4.550000000000000000e+02 9.832978400000000896e-01
4.600000000000000000e+02 9.821350500000000094e-01
4.650000000000000000e+02 9.824144099999999602e-01
4.700000000000000000e+02 9.830259900000000162e-01
4.750000000000000000e+02 9.826074099999999589e-01
4.800000000000000000e+02 9.830129700000000970e-01
4.850000000000000000e+02 9.827896300000000807e-01
4.900000000000000000e+02 9.827859399999999690e-01
4.950000000000000000e+02 9.833317200000000202e-01
5.000000000000000000e+02 9.835632500000000000e-01
5.050000000000000000e+02 9.842481499999999883e-01
5.100000000000000000e+02 9.825447600000000170e-01
5.150000000000000000e+02 9.836115599999999404e-01
5.200000000000000000e+02 9.831154100000000229e-01
5.250000000000000000e+02 9.839676699999999610e-01
5.300000000000000000e+02 9.825413800000000197e-01
5.350000000000000000e+02 9.848886700000000216e-01
5.400000000000000000e+02 9.842210000000000125e-01
5.450000000000000000e+02 9.833453900000000969e-01
5.500000000000000000e+02 9.839460599999999557e-01
5.550000000000000000e+02 9.836034300000000563e-01
5.600000000000000000e+02 9.843201000000000311e-01
5.650000000000000000e+02 9.834905899999999423e-01
5.700000000000000000e+02 9.839378000000000846e-01
5.750000000000000000e+02 9.839763700000000446e-01
5.800000000000000000e+02 9.836733599999999411e-01
5.850000000000000000e+02 9.839429599999999221e-01
5.900000000000000000e+02 9.840165100000000109e-01
5.950000000000000000e+02 9.844191700000000100e-01
6.000000000000000000e+02 9.832887800000000844e-01
6.050000000000000000e+02 9.832925099999999530e-01
6.100000000000000000e+02 9.835976599999999292e-01
6.150000000000000000e+02 9.823991700000000993e-01
6.200000000000000000e+02 9.834917699999999874e-01
6.250000000000000000e+02 9.833840499999999540e-01
6.300000000000000000e+02 9.843621700000000363e-01
6.350000000000000000e+02 9.839709199999999711e-01
6.400000000000000000e+02 9.839559699999999021e-01
6.450000000000000000e+02 9.837366499999999903e-01
6.500000000000000000e+02 9.842661900000000408e-01
6.550000000000000000e+02 9.843718200000001195e-01
6.600000000000000000e+02 9.841397100000000009e-01
6.650000000000000000e+02 9.847132200000000557e-01
6.700000000000000000e+02 9.851649000000000100e-01
6.750000000000000000e+02 9.851770199999999589e-01
6.800000000000000000e+02 9.857818899999999385e-01
6.850000000000000000e+02 9.874842099999999734e-01
6.900000000000000000e+02 9.871788999999999703e-01
6.950000000000000000e+02 9.863349800000000833e-01
7.000000000000000000e+02 9.875561099999999870e-01
7.050000000000000000e+02 9.871437100000000076e-01
7.100000000000000000e+02 9.872656200000000659e-01
7.150000000000000000e+02 9.874330600000000846e-01
7.200000000000000000e+02 9.871183799999999620e-01
7.250000000000000000e+02 9.873747000000000495e-01
7.300000000000000000e+02 9.878516999999998882e-01
7.350000000000000000e+02 9.883992899999999304e-01
7.400000000000000000e+02 9.877639999999999754e-01
7.450000000000000000e+02 9.879271799999999049e-01
7.500000000000000000e+02 9.880423000000000400e-01
7.550000000000000000e+02 9.885836299999999355e-01
7.600000000000000000e+02 9.873279799999999939e-01
7.650000000000000000e+02 9.876843100000001208e-01
7.700000000000000000e+02 9.888084999999999791e-01
7.750000000000000000e+02 9.891969600000000140e-01
7.800000000000000000e+02 9.894448900000000213e-01
7.850000000000000000e+02 9.917097699999999350e-01
7.900000000000000000e+02 9.898435300000000270e-01
7.950000000000000000e+02 9.869757900000000195e-01
8.000000000000000000e+02 9.920250699999999533e-01
8.050000000000000000e+02 9.919533000000000378e-01
8.100000000000000000e+02 9.921850100000000339e-01
8.150000000000000000e+02 9.929273200000000577e-01
8.200000000000000000e+02 9.850519599999999487e-01
8.250000000000000000e+02 9.844314300000001072e-01
8.300000000000000000e+02 9.857137500000000552e-01
8.350000000000000000e+02 9.887256899999999904e-01
8.400000000000000000e+02 9.902351000000000347e-01
8.450000000000000000e+02 9.838444800000000212e-01
8.500000000000000000e+02 9.895490499999999301e-01
8.550000000000000000e+02 9.829443600000000725e-01
8.600000000000000000e+02 9.863524999999999654e-01
8.650000000000000000e+02 9.860789400000000704e-01
8.700000000000000000e+02 9.836870600000000575e-01
8.750000000000000000e+02 9.856148700000000318e-01
8.800000000000000000e+02 9.866035399999999456e-01
8.850000000000000000e+02 9.851623800000000042e-01
8.900000000000000000e+02 9.843579399999999868e-01
8.950000000000000000e+02 9.853192699999999693e-01
9.000000000000000000e+02 9.857142100000000351e-01
9.050000000000000000e+02 9.846586200000000400e-01
9.100000000000000000e+02 9.846447499999999575e-01
9.150000000000000000e+02 9.838043500000001051e-01
9.200000000000000000e+02 9.848123599999999422e-01
9.250000000000000000e+02 9.839044500000000415e-01
9.300000000000000000e+02 9.832467000000000290e-01
9.350000000000000000e+02 9.835180699999999110e-01
9.400000000000000000e+02 9.840227299999999566e-01
9.450000000000000000e+02 9.832855299999999632e-01
9.500000000000000000e+02 9.829773099999999930e-01
9.550000000000000000e+02 9.825411200000000456e-01
9.600000000000000000e+02 9.832619800000000909e-01
9.650000000000000000e+02 9.825362400000000607e-01
9.700000000000000000e+02 9.825819399999999870e-01
9.750000000000000000e+02 9.824236200000000530e-01
9.800000000000000000e+02 9.824197900000000150e-01
9.850000000000000000e+02 9.823989400000000538e-01
9.900000000000000000e+02 9.822190100000000035e-01
9.950000000000000000e+02 9.820365599999999473e-01
1.000000000000000000e+03 9.819622000000000073e-01
1.005000000000000000e+03 9.819138599999999162e-01
1.010000000000000000e+03 9.817890300000000625e-01
1.015000000000000000e+03 9.816522000000000858e-01
1.020000000000000000e+03 9.817077199999999504e-01
1.025000000000000000e+03 9.815462100000000856e-01
1.030000000000000000e+03 9.812427099999999625e-01
1.035000000000000000e+03 9.809671699999999994e-01
1.040000000000000000e+03 9.810537799999999864e-01
1.045000000000000000e+03 9.810600499999999613e-01
1.050000000000000000e+03 9.808144100000000254e-01
1.055000000000000000e+03 9.805464299999999689e-01
1.060000000000000000e+03 9.806872400000000711e-01
1.065000000000000000e+03 9.802703999999999862e-01
1.070000000000000000e+03 9.801732800000000356e-01
1.075000000000000000e+03 9.801712700000000389e-01
1.080000000000000000e+03 9.803562999999999583e-01
1.085000000000000000e+03 9.799773600000000195e-01
1.090000000000000000e+03 9.798822699999999442e-01
1.095000000000000000e+03 9.798681299999999483e-01
1.100000000000000000e+03 9.798489499999999408e-01
1.105000000000000000e+03 9.794981699999999458e-01
1.110000000000000000e+03 9.792192699999999750e-01
1.115000000000000000e+03 9.792538999999998994e-01
1.120000000000000000e+03 9.793487399999999399e-01
1.125000000000000000e+03 9.790160299999999260e-01
1.130000000000000000e+03 9.789807899999999341e-01
1.135000000000000000e+03 9.790531699999999171e-01
1.140000000000000000e+03 9.788612100000000371e-01
1.145000000000000000e+03 9.786851699999999932e-01
1.150000000000000000e+03 9.786734999999999740e-01
1.155000000000000000e+03 9.785320299999998861e-01
1.160000000000000000e+03 9.784916099999999561e-01
1.165000000000000000e+03 9.780999799999999800e-01
1.170000000000000000e+03 9.781619100000000788e-01
1.175000000000000000e+03 9.781953400000000798e-01
1.180000000000000000e+03 9.781590699999999083e-01
1.185000000000000000e+03 9.780088100000000617e-01
1.190000000000000000e+03 9.780009599999999192e-01
1.195000000000000000e+03 9.777876300000000187e-01
1.200000000000000000e+03 9.777738799999999841e-01
1.205000000000000000e+03 9.774690600000000007e-01
1.210000000000000000e+03 9.776107699999999623e-01
1.215000000000000000e+03 9.777175399999999961e-01
1.220000000000000000e+03 9.777258500000001185e-01
1.225000000000000000e+03 9.778312499999999297e-01
1.230000000000000000e+03 9.778202099999999675e-01
1.235000000000000000e+03 9.778220799999999269e-01
1.240000000000000000e+03 9.778370599999999246e-01
1.245000000000000000e+03 9.778040400000000965e-01
1.250000000000000000e+03 9.778546200000000077e-01
1.255000000000000000e+03 9.777099000000000206e-01
1.260000000000000000e+03 9.777798699999999954e-01
1.265000000000000000e+03 9.774166399999999477e-01
1.270000000000000000e+03 9.775350000000000428e-01
1.275000000000000000e+03 9.775837300000000951e-01
1.280000000000000000e+03 9.776296600000000669e-01
1.285000000000000000e+03 9.776207800000000780e-01
1.290000000000000000e+03 9.772532099999999833e-01
1.295000000000000000e+03 9.773509799999999803e-01
1.300000000000000000e+03 9.777951899999999252e-01
1.305000000000000000e+03 9.775516100000000153e-01
1.310000000000000000e+03 9.774679099999999954e-01
1.315000000000000000e+03 9.775087999999999555e-01
1.320000000000000000e+03 9.776823100000000544e-01
1.325000000000000000e+03 9.775099800000000005e-01
1.330000000000000000e+03 9.776055100000000664e-01
1.335000000000000000e+03 9.775467999999999380e-01
1.340000000000000000e+03 9.773487400000000491e-01
1.345000000000000000e+03 9.773921900000001051e-01
1.350000000000000000e+03 9.773515399999999076e-01
1.355000000000000000e+03 9.772995600000000671e-01
1.360000000000000000e+03 9.774298599999999837e-01
1.365000000000000000e+03 9.775552999999999049e-01
1.370000000000000000e+03 9.782353399999998977e-01
1.375000000000000000e+03 9.787190999999999530e-01
1.380000000000000000e+03 9.787199300000000157e-01
1.385000000000000000e+03 9.783161300000000615e-01
1.390000000000000000e+03 9.775609199999999444e-01
1.395000000000000000e+03 9.765074199999999038e-01
1.400000000000000000e+03 9.755518800000000379e-01
1.405000000000000000e+03 9.754718699999999076e-01
1.410000000000000000e+03 9.756018799999999214e-01
1.415000000000000000e+03 9.757459900000000630e-01
1.420000000000000000e+03 9.760094100000000772e-01
1.425000000000000000e+03 9.757613099999999928e-01
1.430000000000000000e+03 9.756221200000000371e-01
1.435000000000000000e+03 9.755925800000000425e-01
1.440000000000000000e+03 9.757412899999999834e-01
1.445000000000000000e+03 9.757096400000000447e-01
1.450000000000000000e+03 9.756449700000000558e-01
1.455000000000000000e+03 9.756860099999999925e-01
1.460000000000000000e+03 9.757468500000000544e-01
1.465000000000000000e+03 9.755698499999999607e-01
1.470000000000000000e+03 9.755846699999999316e-01
1.475000000000000000e+03 9.756670499999999802e-01
1.480000000000000000e+03 9.757111600000000218e-01
1.485000000000000000e+03 9.753967500000000346e-01
1.490000000000000000e+03 9.753750300000000317e-01
1.495000000000000000e+03 9.755311899999999925e-01
1.500000000000000000e+03 9.756524899999999834e-01
1.505000000000000000e+03 9.754245699999999353e-01
1.510000000000000000e+03 9.753811799999999588e-01
1.515000000000000000e+03 9.755948800000000531e-01
1.520000000000000000e+03 9.758900699999999429e-01
1.525000000000000000e+03 9.755780699999999639e-01
1.530000000000000000e+03 9.754446299999999237e-01
1.535000000000000000e+03 9.756614799999999699e-01
1.540000000000000000e+03 9.757823500000000205e-01
1.545000000000000000e+03 9.755330600000000629e-01
1.550000000000000000e+03 9.755838799999999589e-01
1.555000000000000000e+03 9.757460399999999812e-01
1.560000000000000000e+03 9.757738999999999718e-01
1.565000000000000000e+03 9.755801499999999793e-01
1.570000000000000000e+03 9.755511300000000441e-01
1.575000000000000000e+03 9.758327800000000662e-01
1.580000000000000000e+03 9.759293099999999388e-01
1.585000000000000000e+03 9.758042399999999894e-01
1.590000000000000000e+03 9.758461800000000075e-01
1.595000000000000000e+03 9.758940300000000789e-01
1.600000000000000000e+03 9.758817800000000320e-01
1.605000000000000000e+03 9.754371000000000569e-01
1.610000000000000000e+03 9.753226499999999577e-01
1.615000000000000000e+03 9.752797800000000406e-01
1.620000000000000000e+03 9.749159800000000153e-01
1.625000000000000000e+03 9.743835100000000082e-01
1.630000000000000000e+03 9.741749799999999126e-01
1.635000000000000000e+03 9.742515000000000480e-01
1.640000000000000000e+03 9.741145500000000235e-01
1.645000000000000000e+03 9.736943999999999599e-01
1.650000000000000000e+03 9.734964200000000289e-01
1.655000000000000000e+03 9.735585100000000436e-01
1.660000000000000000e+03 9.736173999999999662e-01
1.665000000000000000e+03 9.730049400000000404e-01
1.670000000000000000e+03 9.726551199999999842e-01
1.675000000000000000e+03 9.723877199999999554e-01
1.680000000000000000e+03 9.720490100000001021e-01
1.685000000000000000e+03 9.718541299999999827e-01
1.690000000000000000e+03 9.717892999999999670e-01
1.695000000000000000e+03 9.718587200000000648e-01
1.700000000000000000e+03 9.717123599999999417e-01
1.705000000000000000e+03 9.715780899999999498e-01
1.710000000000000000e+03 9.714838700000000271e-01
1.715000000000000000e+03 9.715000899999999273e-01
1.720000000000000000e+03 9.715585900000001107e-01
1.725000000000000000e+03 9.716614900000000166e-01
1.730000000000000000e+03 9.717426200000000014e-01
1.735000000000000000e+03 9.716938899999999490e-01
1.740000000000000000e+03 9.712934099999999127e-01
1.745000000000000000e+03 9.713360199999999667e-01
1.750000000000000000e+03 9.716740600000000061e-01
1.755000000000000000e+03 9.715350799999999953e-01
1.760000000000000000e+03 9.712528000000000272e-01
1.765000000000000000e+03 9.714725100000000113e-01
1.770000000000000000e+03 9.721078799999999243e-01
1.775000000000000000e+03 9.718277800000000299e-01
1.780000000000000000e+03 9.711862700000000181e-01
1.785000000000000000e+03 9.711611399999999783e-01
1.790000000000000000e+03 9.714393000000000056e-01
1.795000000000000000e+03 9.714134599999999509e-01
1.800000000000000000e+03 9.710264399999999352e-01
1.805000000000000000e+03 9.705473100000000519e-01
1.810000000000000000e+03 9.703313300000000474e-01
1.815000000000000000e+03 9.697448799999999203e-01
1.820000000000000000e+03 9.690213599999999428e-01
1.825000000000000000e+03 9.684300100000000633e-01
1.830000000000000000e+03 9.685766099999999490e-01
1.835000000000000000e+03 9.682657799999999648e-01
1.840000000000000000e+03 9.677932699999999278e-01
1.845000000000000000e+03 9.673987499999999740e-01
1.850000000000000000e+03 9.670087700000000730e-01
1.855000000000000000e+03 9.661403799999999098e-01
1.860000000000000000e+03 9.655184099999999381e-01
1.865000000000000000e+03 9.648936200000000074e-01
1.870000000000000000e+03 9.646130499999999719e-01
1.875000000000000000e+03 9.648113400000000173e-01
1.880000000000000000e+03 9.640727699999999123e-01
1.885000000000000000e+03 9.629110400000000514e-01
1.890000000000000000e+03 9.626998100000000447e-01
1.895000000000000000e+03 9.620811000000000224e-01
1.900000000000000000e+03 9.610682000000000391e-01
1.905000000000000000e+03 9.607335999999999654e-01
1.910000000000000000e+03 9.607435500000000017e-01
1.915000000000000000e+03 9.596838300000000155e-01
1.920000000000000000e+03 9.592203700000000444e-01
1.925000000000000000e+03 9.582337499999999952e-01
1.930000000000000000e+03 9.578954100000000027e-01
1.935000000000000000e+03 9.570764999999999967e-01
1.940000000000000000e+03 9.564478499999999883e-01
1.945000000000000000e+03 9.558140400000000314e-01
1.950000000000000000e+03 9.554544699999999446e-01
1.955000000000000000e+03 9.543593199999998999e-01
1.960000000000000000e+03 9.536475799999999392e-01
1.965000000000000000e+03 9.529967999999999773e-01
1.970000000000000000e+03 9.524582299999999613e-01
1.975000000000000000e+03 9.515768599999999688e-01
1.980000000000000000e+03 9.510154100000000055e-01
1.985000000000000000e+03 9.504194999999999727e-01
1.990000000000000000e+03 9.501899099999999709e-01
1.995000000000000000e+03 9.491094500000000211e-01
2.000000000000000000e+03 9.479283800000000149e-01
2.005000000000000000e+03 9.460065100000000227e-01
2.010000000000000000e+03 9.453648900000000133e-01
2.015000000000000000e+03 9.432150000000000256e-01
2.020000000000000000e+03 9.410469500000000487e-01
2.025000000000000000e+03 9.388672800000000818e-01
2.030000000000000000e+03 9.379665600000000047e-01
2.035000000000000000e+03 9.363127400000000877e-01
2.040000000000000000e+03 9.335372700000000856e-01
2.045000000000000000e+03 9.313871700000000420e-01
2.050000000000000000e+03 9.312791799999999842e-01
2.055000000000000000e+03 9.297783099999999967e-01
2.060000000000000000e+03 9.268565599999999405e-01
2.065000000000000000e+03 9.255371700000000201e-01
2.070000000000000000e+03 9.250787599999999999e-01
2.075000000000000000e+03 9.216286499999999382e-01
2.080000000000000000e+03 9.194418199999999652e-01
2.085000000000000000e+03 9.176948000000000327e-01
2.090000000000000000e+03 9.179962200000000294e-01
2.095000000000000000e+03 9.149021899999999485e-01
2.100000000000000000e+03 9.122750499999999763e-01
2.105000000000000000e+03 9.137737500000000512e-01
2.110000000000000000e+03 9.155995599999999790e-01
2.115000000000000000e+03 9.166342699999999732e-01
2.120000000000000000e+03 9.153171199999999841e-01
2.125000000000000000e+03 9.158160800000000323e-01
2.130000000000000000e+03 9.192181200000000274e-01
2.135000000000000000e+03 9.180693599999999455e-01
2.140000000000000000e+03 9.185328800000001070e-01
2.145000000000000000e+03 9.206279399999999224e-01
2.150000000000000000e+03 9.244227700000000603e-01
2.155000000000000000e+03 9.234398000000000328e-01
2.160000000000000000e+03 9.231733699999999931e-01
2.165000000000000000e+03 9.260690400000000100e-01
2.170000000000000000e+03 9.294710000000000472e-01
2.175000000000000000e+03 9.288513399999999143e-01
2.180000000000000000e+03 9.293191199999999430e-01
2.185000000000000000e+03 9.320469699999999191e-01
2.190000000000000000e+03 9.358431600000000072e-01
2.195000000000000000e+03 9.381775600000000770e-01
2.200000000000000000e+03 9.392623700000000131e-01
2.205000000000000000e+03 9.393202999999999969e-01
2.210000000000000000e+03 9.399275400000000058e-01
2.215000000000000000e+03 9.356933499999999793e-01
2.220000000000000000e+03 9.322297899999999471e-01
2.225000000000000000e+03 9.331011700000000353e-01
2.230000000000000000e+03 9.349664199999999648e-01
2.235000000000000000e+03 9.317272800000000466e-01
2.240000000000000000e+03 9.317930300000000221e-01
2.245000000000000000e+03 9.304464500000000360e-01
2.250000000000000000e+03 9.312507499999999050e-01
2.255000000000000000e+03 9.317565500000000167e-01
2.260000000000000000e+03 9.305724699999999849e-01
2.265000000000000000e+03 9.289923400000000830e-01
2.270000000000000000e+03 9.306168700000000404e-01
2.275000000000000000e+03 9.257947400000000604e-01
2.280000000000000000e+03 9.259248999999999397e-01
2.285000000000000000e+03 9.258598799999999684e-01
2.290000000000000000e+03 9.278837599999999464e-01
2.295000000000000000e+03 9.224207599999999507e-01
2.300000000000000000e+03 9.230770900000000445e-01
2.305000000000000000e+03 9.226109599999999800e-01
2.310000000000000000e+03 9.245671799999999330e-01
2.315000000000000000e+03 9.208404400000000933e-01
2.320000000000000000e+03 9.196022499999999544e-01
2.325000000000000000e+03 9.164305500000000659e-01
2.330000000000000000e+03 9.194847400000000226e-01
2.335000000000000000e+03 9.135953199999999885e-01
2.340000000000000000e+03 9.135727099999999545e-01
2.345000000000000000e+03 9.131499200000000593e-01
2.350000000000000000e+03 9.131169800000000780e-01
2.355000000000000000e+03 9.085542500000000077e-01
2.360000000000000000e+03 9.062412300000000087e-01
2.365000000000000000e+03 9.057631999999999906e-01
2.370000000000000000e+03 9.133523099999999451e-01
2.375000000000000000e+03 9.034969800000000051e-01
2.380000000000000000e+03 9.051304199999999911e-01
2.385000000000000000e+03 8.983416499999999916e-01
2.390000000000000000e+03 9.031154100000000629e-01
2.395000000000000000e+03 8.960363300000000475e-01
2.400000000000000000e+03 9.002416200000000757e-01
2.405000000000000000e+03 8.980242099999999894e-01
2.410000000000000000e+03 9.080035700000000931e-01
2.415000000000000000e+03 8.954968899999999898e-01
2.420000000000000000e+03 8.971343699999999588e-01
2.425000000000000000e+03 8.959396900000000663e-01
2.430000000000000000e+03 9.026380500000000806e-01
2.435000000000000000e+03 8.873052900000000243e-01
2.440000000000000000e+03 9.021435099999999263e-01
2.445000000000000000e+03 8.909690000000000110e-01
2.450000000000000000e+03 9.099303600000000491e-01
2.455000000000000000e+03 8.988864899999999825e-01
2.460000000000000000e+03 8.773228400000000482e-01
2.465000000000000000e+03 8.932905800000000562e-01
2.470000000000000000e+03 9.129193199999999786e-01
2.475000000000000000e+03 8.941086199999999096e-01
2.480000000000000000e+03 8.843498899999999718e-01
2.485000000000000000e+03 8.583466499999999888e-01
2.490000000000000000e+03 8.680055900000001046e-01
2.495000000000000000e+03 8.636535800000000318e-01
2.500000000000000000e+03 8.733784500000000284e-01
